
Fri Apr 20 11:16:07 2018
36.92
36.92
36.92
36.77
36.77
36.80
36.80
36.98
36.98
36.98
36.98
36.80

Fri Apr 20 11:16:10 2018
37.22
37.22
37.13
37.13
37.28
37.28
37.25
37.25
37.19
37.19
37.25
37.25
37.28
37.28
37.28
37.28
37.28
37.28

Sat Apr 21 03:17:51 2018
½­59.16
0.00
0.00
0.00
0.00
0.00
0.00
0.00
0.00
0.00
0.00
0.00

Sat Apr 21 03:17:53 2018
0.00
0.00
0.00
0.00
0.00
0.00
0.00
0.00
0.00
0.00
0.00
0.00

Sat Apr 21 17:36:52 2018
0.00
0.00
0.00
0.00
0.00
0.00
0.00
0.00
0.00
0.00
0.00
0.00
0.00
0.00
0.00

Mon Apr 23 04:07:05 2018
é101.22
168.28
163.21
190.31
141.51
122.80
139.95
240.06
113.37
45.70
31.27
15.34

Mon Apr 23 04:07:07 2018
13.04
13.04
13.04
13.56
13.55
13.55
13.13
13.13
13.13
0.18
0.18
0.18

Mon Apr 23 18:26:04 2018
15.19
111.90
107.30
49.50
39.09
